Framenum, Queue Density, Dynamic Density
2, 0.0708469, 0.0466604
5, 0.0838101, 0.0471385
8, 0.0930819, 0.0439448
11, 0.100312, 0.0471503
14, 0.103063, 0.0329096
17, 0.104975, 0.0309972
20, 0.104415, 0.0324197
23, 0.109219, 0.0355351
26, 0.115446, 0.0401318
29, 0.121011, 0.0444855
32, 0.124549, 0.0468877
35, 0.124804, 0.0462451
38, 0.126959, 0.0473893
41, 0.126317, 0.0461393
44, 0.125984, 0.0498346
47, 0.123076, 0.0449832
50, 0.126575, 0.0423459
53, 0.139401, 0.0507516
56, 0.152729, 0.0521153
59, 0.159505, 0.0609756
62, 0.158462, 0.0484827
65, 0.156268, 0.0369498
68, 0.15289, 0.0222075
71, 0.139625, 0.0171288
74, 0.140377, 0.0128731
77, 0.145146, 0.0206831
80, 0.152365, 0.0359231
83, 0.164379, 0.0458845
86, 0.176849, 0.0591416
89, 0.187845, 0.0694989
92, 0.196427, 0.0760667
95, 0.188346, 0.0702238
98, 0.194495, 0.0665637
101, 0.198633, 0.0601488
104, 0.192728, 0.048659
107, 0.192665, 0.0612499
110, 0.194707, 0.0588948
113, 0.200475, 0.0706118
116, 0.205938, 0.0727122
119, 0.209402, 0.0781906
122, 0.206804, 0.0746481
125, 0.20823, 0.079092
128, 0.208265, 0.0836259
131, 0.212455, 0.0810513
134, 0.215711, 0.0814785
137, 0.218666, 0.0774186
140, 0.219712, 0.0754318
143, 0.221957, 0.0610971
146, 0.214406, 0.0550426
149, 0.222142, 0.0568413
152, 0.221734, 0.0557794
155, 0.222028, 0.0587341
158, 0.216636, 0.0451204
161, 0.213407, 0.0430552
164, 0.21057, 0.0422009
167, 0.207693, 0.0387759
170, 0.198186, 0.0402259
173, 0.19823, 0.0340539
176, 0.197144, 0.0301234
179, 0.197943, 0.0158474
182, 0.199076, 0.0210123
185, 0.200361, 0.0182888
188, 0.198492, 0.00895824
191, 0.198496, 0.0175795
194, 0.200342, 0.0137705
197, 0.19109, 0.0126732
200, 0.191595, 0.00947943
203, 0.192759, 0.00517274
206, 0.194448, 0.00962051
209, 0.194056, 0.00691658
212, 0.19502, 0.010945
215, 0.196729, 0.00900527
218, 0.194573, 0
221, 0.191509, 0.00436156
224, 0.192657, 0.000940498
227, 0.193613, 0
230, 0.195118, 0.00513355
233, 0.196768, 0.00909932
236, 0.198876, 0.0141114
239, 0.197951, 0.0143779
242, 0.197077, 0.0143465
245, 0.188907, 0.0123636
248, 0.192359, 0.0107765
251, 0.192438, 0.00755141
254, 0.191638, 0.00443993
257, 0.193578, 0.00493369
260, 0.193762, 0.00433413
263, 0.195957, 0
266, 0.196466, 0.00389915
269, 0.196486, 0.00462411
272, 0.186599, 0.00141075
275, 0.190627, 0.0138527
278, 0.196701, 0.019194
281, 0.203324, 0.0299039
284, 0.211447, 0.0407549
287, 0.215644, 0.043357
290, 0.215021, 0.0343007
293, 0.214786, 0.0308248
296, 0.211914, 0.0336581
299, 0.210675, 0.0256129
302, 0.207776, 0.0244765
305, 0.206471, 0.0277956
308, 0.204758, 0.027921
311, 0.204507, 0.0233008
314, 0.205624, 0.0190333
317, 0.205808, 0.0150558
320, 0.193872, 0.0124459
323, 0.194487, 0.00767289
326, 0.191603, 0.0063562
329, 0.19174, 0.00325255
332, 0.19252, 0.00255502
335, 0.19223, 0.00182221
338, 0.192802, 0.00405198
341, 0.197516, 0.0122265
344, 0.20169, 0.0227444
347, 0.196008, 0.0183515
350, 0.196564, 0.0157847
353, 0.193837, 0.0179361
356, 0.19471, 0.0164626
359, 0.194377, 0.0141114
362, 0.194487, 0.0141114
365, 0.196047, 0.0140761
368, 0.196321, 0.013406
371, 0.19366, 0.0128025
374, 0.194522, 0.0126654
377, 0.195098, 0.012054
380, 0.1956, 0.0131356
383, 0.200338, 0.0186532
386, 0.203551, 0.0242257
389, 0.204699, 0.0290457
392, 0.206043, 0.0321807
395, 0.206377, 0.0285833
398, 0.209226, 0.0283952
401, 0.213979, 0.0327019
404, 0.222506, 0.0341597
407, 0.233851, 0.0375337
410, 0.247253, 0.0549368
413, 0.253927, 0.0634013
416, 0.261913, 0.069832
419, 0.266243, 0.119447
422, 0.264045, 0.084296
425, 0.284054, 0.0977765
428, 0.300434, 0.100379
431, 0.316568, 0.107628
434, 0.326075, 0.115493
437, 0.332948, 0.118487
440, 0.332172, 0.120705
443, 0.33216, 0.127175
446, 0.321184, 0.124879
449, 0.334033, 0.131129
452, 0.340006, 0.130823
455, 0.347859, 0.131779
458, 0.355602, 0.130572
461, 0.361218, 0.132685
464, 0.364941, 0.10766
467, 0.367355, 0.0965578
470, 0.356049, 0.0765604
473, 0.361081, 0.0719559
476, 0.36721, 0.0590162
479, 0.367833, 0.0536201
482, 0.372053, 0.0449205
485, 0.37502, 0.0350767
488, 0.378135, 0.0310364
491, 0.37884, 0.0243511
494, 0.380753, 0.0369459
497, 0.372202, 0.0183867
500, 0.382994, 0.0283403
503, 0.39604, 0.0356449
506, 0.41032, 0.0474089
509, 0.422225, 0.0570255
512, 0.42967, 0.060329
515, 0.435713, 0.063225
518, 0.443739, 0.0666656
521, 0.437163, 0.0716777
524, 0.447744, 0.0773951
527, 0.453837, 0.0762705
530, 0.458747, 0.0823367
533, 0.459437, 0.0826541
536, 0.464841, 0.0840609
539, 0.466746, 0.0842686
542, 0.471613, 0.0713995
545, 0.457176, 0.0606739
548, 0.462239, 0.0612734
551, 0.463795, 0.059557
554, 0.464857, 0.0502187
557, 0.468047, 0.0524523
560, 0.467565, 0.0457004
563, 0.461957, 0.0581502
566, 0.457842, 0.0470484
569, 0.463489, 0.0766898
572, 0.450428, 0.0247351
575, 0.45961, 0.0122813
578, 0.468725, 0.0143583
581, 0.478361, 0.0257148
584, 0.485332, 0.034383
587, 0.492695, 0.0295356
590, 0.498162, 0.0425066
593, 0.499377, 0.0429651
596, 0.486986, 0.0434236
599, 0.496152, 0.0402611
602, 0.506325, 0.0481692
605, 0.511921, 0.0450459
608, 0.52033, 0.0537965
611, 0.52738, 0.0613126
614, 0.53396, 0.0616771
617, 0.541245, 0.0659171
620, 0.534289, 0.0628135
623, 0.541535, 0.059126
626, 0.548353, 0.0576604
629, 0.554404, 0.0606268
632, 0.557464, 0.0573273
635, 0.559667, 0.0553287
638, 0.561732, 0.0550857
641, 0.561215, 0.0502735
644, 0.564036, 0.0529814
647, 0.558127, 0.042197
650, 0.566313, 0.0461001
653, 0.57033, 0.0467702
656, 0.56966, 0.0460922
659, 0.573104, 0.0455946
662, 0.576482, 0.0453751
665, 0.578061, 0.0455593
668, 0.581843, 0.048804
671, 0.571733, 0.0475343
674, 0.574985, 0.0482358
677, 0.57823, 0.0521624
680, 0.581255, 0.051602
683, 0.582999, 0.0484356
686, 0.585636, 0.0533262
689, 0.586079, 0.0469818
692, 0.587827, 0.04668
695, 0.572332, 0.0406177
698, 0.578104, 0.0412918
701, 0.581913, 0.0379217
704, 0.582282, 0.0346103
707, 0.585711, 0.0300332
710, 0.586953, 0.0268081
713, 0.588779, 0.0191117
716, 0.590045, 0.0184769
719, 0.590053, 0.0241473
722, 0.570976, 0.00882892
725, 0.575773, 0.00571744
728, 0.578285, 0.0011717
731, 0.579766, 0.00182221
734, 0.579954, 0.0020064
737, 0.580107, 0
740, 0.580154, 0
743, 0.580326, 0
746, 0.57176, 0.00166546
749, 0.573688, 0.000881717
752, 0.574464, 0
755, 0.577062, 0.00149696
758, 0.577587, 0.00246881
761, 0.576705, 0.00215531
764, 0.576466, 0
767, 0.574962, 0.00241394
770, 0.56143, 0.00179478
773, 0.564001, 0.00158709
776, 0.567829, 0.00282149
779, 0.570902, 0.00283717
782, 0.574922, 0.00612107
785, 0.575581, 0.00567042
788, 0.577956, 0.0078414
791, 0.582556, 0.0143387
794, 0.586702, 0.0159218
797, 0.58325, 0.016059
800, 0.589614, 0.0189393
803, 0.593023, 0.0224701
806, 0.596428, 0.023293
809, 0.599379, 0.0250172
812, 0.603192, 0.0275801
815, 0.608424, 0.0279837
818, 0.6115, 0.0299666
821, 0.603702, 0.00694401
824, 0.607781, 0.00610148
827, 0.61132, 0.00893081
830, 0.614749, 0.0161531
833, 0.612734, 0.00880149
836, 0.610046, 0
839, 0.609313, 0.010467
842, 0.609642, 0.00415778
845, 0.598576, 0
848, 0.602871, 0.00373848
851, 0.603745, 0
854, 0.604395, 0.001254
857, 0.602491, 0.00417738
860, 0.601041, 0.0077787
863, 0.602949, 0
866, 0.602863, 0.0064189
869, 0.601354, 0.00465546
872, 0.597753, 0
875, 0.600461, 0.0019437
878, 0.602173, 0
881, 0.597404, 0.00383645
884, 0.599802, 0.00292338
887, 0.600433, 0.00656389
890, 0.601848, 0.00534908
893, 0.604031, 0.00596824
896, 0.60637, 0.00739858
899, 0.607569, 0.00565474
902, 0.607558, 0.00199856
905, 0.601503, 0
908, 0.604721, 0.00337404
911, 0.60601, 0.00649335
914, 0.604121, 0.0141937
917, 0.601535, 0.0109372
920, 0.594116, 0.00343674
923, 0.594238, 0.00561556
926, 0.593752, 0.00121089
929, 0.595849, 0.00616418
932, 0.591005, 0.00279798
935, 0.593047, 0.0032408
938, 0.598595, 0.00918161
941, 0.605931, 0.013312
944, 0.606347, 0.0081549
947, 0.608612, 0.00372672
950, 0.610136, 0
953, 0.61032, 0.00105806
956, 0.60264, 0
959, 0.605171, 0.00323296
962, 0.605747, 0.00268826
965, 0.607354, 0.00275096
968, 0.608855, 0
971, 0.612339, 0.00801382
974, 0.61398, 0.0100124
977, 0.616116, 0.00916594
980, 0.611449, 0.0164861
983, 0.61351, 0.0118307
986, 0.614031, 0.00515706
989, 0.612527, 0.00287636
992, 0.610846, 0.00276271
995, 0.611328, 0.00338187
998, 0.611555, 0.00364051
1001, 0.611578, 0.00418913
1004, 0.612668, 0.00774735
1007, 0.603447, 0.00270393
1010, 0.604975, 0.0339363
1013, 0.600892, 0.0118111
1016, 0.601072, 0.0159963
1019, 0.601946, 0.0199973
1022, 0.602475, 0.0114623
1025, 0.602307, 0.0175951
1028, 0.601252, 0.00778262
1031, 0.600085, 0.012779
1034, 0.601531, 0.0164783
1037, 0.592341, 0.00732413
1040, 0.594814, 0.0205342
1043, 0.595978, 0.0179008
1046, 0.597197, 0.014758
1049, 0.597949, 0.0187629
1052, 0.597302, 0.0116034
1055, 0.596295, 0.0149382
1058, 0.596585, 0.0150166
1061, 0.587337, 0.00789626
1064, 0.589277, 0.0119169
1067, 0.591232, 0.0122735
1070, 0.590433, 0.0107569
1073, 0.591746, 0.0118699
1076, 0.593231, 0.00981645
1079, 0.593779, 0.0112507
1082, 0.593748, 0.0145816
1085, 0.594156, 0.016878
1088, 0.591013, 0.0129397
1091, 0.594469, 0.0177441
1094, 0.598023, 0.016976
1097, 0.598478, 0.0162471
1100, 0.599101, 0.0183593
1103, 0.599391, 0.022666
1106, 0.598204, 0.0153693
1109, 0.600488, 0.0153262
1112, 0.59358, 0.0146561
1115, 0.594085, 0.0125713
1118, 0.593105, 0.0155378
1121, 0.592945, 0.0159806
1124, 0.594775, 0.0182457
1127, 0.595331, 0.0249545
1130, 0.596863, 0.0332544
1133, 0.596264, 0.0367735
1136, 0.58673, 0.0304878
1139, 0.587106, 0.0339128
1142, 0.590492, 0.024065
1145, 0.590221, 0.0265808
1148, 0.594352, 0.0275605
1151, 0.59392, 0.0298373
1154, 0.59405, 0.0253151
1157, 0.596315, 0.029708
1160, 0.598862, 0.0340343
1163, 0.589637, 0.0341283
1166, 0.589868, 0.0364678
1169, 0.590041, 0.0328312
1172, 0.591158, 0.02691
1175, 0.591287, 0.0253072
1178, 0.592663, 0.0238573
1181, 0.593184, 0.0213062
1184, 0.592666, 0.0225719
1187, 0.588011, 0.0207419
1190, 0.587102, 0.0203148
1193, 0.587674, 0.014225
1196, 0.589441, 0.0127242
1199, 0.589273, 0.00855069
1202, 0.589841, 0.00845272
1205, 0.590186, 0.00853894
1208, 0.591068, 0.00630525
1211, 0.582529, 0.00331917
1214, 0.586479, 0.00389523
1217, 0.587474, 0.00226503
1220, 0.588567, 0.000689698
1223, 0.586577, 0.00548624
1226, 0.58825, 0.0118973
1229, 0.58977, 0.0184847
1232, 0.591573, 0.0255933
1235, 0.594011, 0.0342028
1238, 0.588129, 0.0251818
1241, 0.593399, 0.0272979
1244, 0.594696, 0.0299823
1247, 0.596573, 0.0248017
1250, 0.59646, 0.0244294
1253, 0.594704, 0.0167761
1256, 0.593, 0.0159414
1259, 0.593094, 0.0174541
1262, 0.586012, 0.00978118
1265, 0.586357, 0.0103612
1268, 0.586871, 0.0129514
1271, 0.589367, 0.0128025
1274, 0.592169, 0.0130494
1277, 0.594681, 0.0220939
1280, 0.59586, 0.0261615
1283, 0.593944, 0.0216314
1286, 0.593407, 0.0259264
1289, 0.597357, 0.0141388
1292, 0.599399, 0.0228149
1295, 0.600825, 0.0353235
1298, 0.601221, 0.0319456
1301, 0.601162, 0.0344457
1304, 0.60126, 0.0233439
1307, 0.599258, 0.0189706
1310, 0.59664, 0.0229168
1313, 0.589375, 0.0264907
1316, 0.589261, 0.0239435
1319, 0.58912, 0.0166546
1322, 0.591373, 0.0122461
1325, 0.593466, 0.0121834
1328, 0.595221, 0.0132924
1331, 0.595186, 0.0117797
1334, 0.593646, 0.0130964
1337, 0.58419, 0.0128574
1340, 0.587306, 0.0110783
1343, 0.588748, 0.0167683
1346, 0.58999, 0.0202912
1349, 0.593583, 0.0288223
1352, 0.596299, 0.0323374
1355, 0.599513, 0.0359701
1358, 0.603177, 0.0371536
1361, 0.592898, 0.0348219
1364, 0.593732, 0.0351864
1367, 0.594399, 0.0310599
1370, 0.590574, 0.0290457
1373, 0.588893, 0.0233831
1376, 0.586976, 0.017603
1379, 0.585048, 0.0145895
1382, 0.580534, 0.0084057
1385, 0.578547, 0.0143622
1388, 0.569279, 0.0064816
1391, 0.568805, 0.00656389
1394, 0.569393, 0.00637579
1397, 0.574299, 0.00777086
1400, 0.575549, 0.0098282
1403, 0.575694, 0.00479654
1406, 0.576404, 0.00552542
1409, 0.575898, 0.00245705
1412, 0.567308, 0.00437723
1415, 0.568652, 0.00470641
1418, 0.570537, 0.0150558
1421, 0.573402, 0.0169877
1424, 0.576713, 0.017842
1427, 0.579927, 0.0538513
1430, 0.586945, 0.057194
1433, 0.595805, 0.0872586
1436, 0.589966, 0.0856206
1439, 0.598513, 0.122018
1442, 0.607154, 0.140283
1445, 0.615462, 0.159489
1448, 0.618738, 0.17293
1451, 0.621759, 0.175034
1454, 0.621579, 0.189546
1457, 0.621022, 0.204041
1460, 0.616814, 0.216773
1463, 0.59981, 0.221722
1466, 0.599712, 0.270687
1469, 0.596675, 0.283627
1472, 0.592361, 0.316074
1475, 0.585993, 0.306924
1478, 0.581686, 0.306779
1481, 0.583391, 0.305337
1484, 0.586287, 0.307425
1487, 0.572685, 0.311869
1490, 0.576294, 0.36449
1493, 0.576584, 0.367934
1496, 0.570267, 0.374498
1499, 0.570428, 0.391388
1502, 0.579476, 0.413517
1505, 0.578622, 0.403293
1508, 0.578532, 0.408133
1511, 0.571329, 0.384856
1514, 0.572928, 0.398712
1517, 0.555572, 0.397337
1520, 0.546613, 0.403113
1523, 0.535461, 0.401369
1526, 0.529751, 0.401393
1529, 0.525182, 0.393128
1532, 0.518704, 0.397247
1535, 0.516831, 0.393414
1538, 0.502829, 0.380549
1541, 0.501254, 0.390546
1544, 0.495207, 0.382724
1547, 0.489306, 0.418126
1550, 0.480896, 0.428859
1553, 0.48902, 0.430121
1556, 0.501321, 0.444573
1559, 0.497782, 0.448132
1562, 0.48786, 0.452987
1565, 0.490231, 0.463575
1568, 0.483106, 0.460527
1571, 0.487448, 0.467604
1574, 0.495446, 0.47271
1577, 0.497347, 0.4732
1580, 0.497911, 0.473341
1583, 0.493197, 0.471961
1586, 0.474881, 0.452426
1589, 0.481261, 0.472032
1592, 0.482189, 0.494565
1595, 0.483769, 0.512364
1598, 0.48581, 0.52305
1601, 0.489223, 0.534791
1604, 0.495321, 0.533372
1607, 0.502688, 0.540293
1610, 0.487374, 0.518308
1613, 0.467439, 0.4919
1616, 0.460068, 0.487727
1619, 0.461165, 0.469763
1622, 0.457482, 0.462298
1625, 0.460585, 0.460938
1628, 0.446827, 0.467259
1631, 0.426739, 0.48349
1634, 0.409371, 0.480837
1637, 0.393841, 0.482229
1640, 0.392156, 0.478557
1643, 0.395973, 0.469277
1646, 0.394876, 0.452912
1649, 0.38366, 0.446435
1652, 0.377747, 0.44455
1655, 0.377743, 0.438045
1658, 0.377567, 0.431892
1661, 0.374647, 0.419321
1664, 0.382504, 0.421598
1667, 0.387489, 0.422092
1670, 0.387618, 0.412855
1673, 0.390083, 0.405601
1676, 0.397345, 0.407835
1679, 0.412479, 0.416711
1682, 0.426194, 0.413145
1685, 0.433652, 0.416354
1688, 0.433675, 0.404304
1691, 0.436532, 0.410614
1694, 0.437943, 0.408062
1697, 0.449695, 0.403046
1700, 0.456545, 0.401855
1703, 0.454786, 0.393289
1706, 0.450765, 0.398411
1709, 0.420939, 0.392262
1712, 0.391443, 0.38337
1715, 0.394198, 0.373174
1718, 0.390534, 0.365282
1721, 0.381145, 0.338681
1724, 0.37344, 0.330793
1727, 0.379362, 0.320267
1730, 0.382234, 0.308617
1733, 0.378742, 0.333034
1736, 0.359184, 0.339112
1739, 0.35541, 0.336726
1742, 0.345962, 0.328101
1745, 0.331569, 0.314734
1748, 0.324742, 0.304498
1751, 0.315635, 0.30027
1754, 0.314871, 0.301202
1757, 0.304032, 0.301763
1760, 0.295058, 0.281742
1763, 0.27207, 0.277012
1766, 0.274222, 0.290328
1769, 0.275899, 0.297617
1772, 0.283721, 0.302006
1775, 0.288, 0.30208
1778, 0.291993, 0.287342
1781, 0.289662, 0.278885
1784, 0.28463, 0.272972
1787, 0.262371, 0.254338
1790, 0.249424, 0.239886
1793, 0.245176, 0.246967
1796, 0.251783, 0.2554
1799, 0.254268, 0.278317
1802, 0.254322, 0.286813
1805, 0.259573, 0.281667
1808, 0.260761, 0.287984
1811, 0.254894, 0.281679
1814, 0.249624, 0.272936
1817, 0.236378, 0.2822
1820, 0.230978, 0.29097
1823, 0.23034, 0.297217
1826, 0.233874, 0.29976
1829, 0.245368, 0.309663
1832, 0.238561, 0.299709
1835, 0.231915, 0.276871
1838, 0.226527, 0.265938
1841, 0.217369, 0.252042
1844, 0.200647, 0.231856
1847, 0.182237, 0.204276
1850, 0.160026, 0.172997
1853, 0.143892, 0.147364
1856, 0.134675, 0.146921
1859, 0.131105, 0.163846
1862, 0.138473, 0.169419
1865, 0.147944, 0.177268
1868, 0.160288, 0.191101
1871, 0.168608, 0.204723
1874, 0.172436, 0.214453
1877, 0.180199, 0.226358
1880, 0.184702, 0.246508
1883, 0.194275, 0.269801
1886, 0.216072, 0.292044
1889, 0.233051, 0.314589
1892, 0.239028, 0.326635
1895, 0.232272, 0.339034
1898, 0.243875, 0.362162
1901, 0.271686, 0.374777
1904, 0.307774, 0.389472
1907, 0.311399, 0.38774
1910, 0.301426, 0.359172
1913, 0.291688, 0.336244
1916, 0.294638, 0.342102
1919, 0.291441, 0.336287
1922, 0.278364, 0.313977
1925, 0.27082, 0.311548
1928, 0.270754, 0.309918
1931, 0.260812, 0.283564
1934, 0.245795, 0.265706
1937, 0.221895, 0.236994
1940, 0.215111, 0.217565
1943, 0.201071, 0.193735
1946, 0.189428, 0.170316
1949, 0.164517, 0.139225
1952, 0.120376, 0.103635
1955, 0.0877406, 0.0718932
1958, 0.0679275, 0.0459316
1961, 0.0505008, 0.0264868
1964, 0.0352256, 0.0175599
1967, 0.0212161, 0.0174933
1970, 0.0166821, 0.0183358
1973, 0.0163647, 0.015193
1976, 0.0150049, 0.0181163
1979, 0.0174619, 0.0186846
1982, 0.0180536, 0.0150323
1985, 0.0189393, 0.0177049
1988, 0.0192253, 0.0207576
1991, 0.0192684, 0.0157337
1994, 0.0190412, 0.0168859
1997, 0.0197191, 0.0195232
2000, 0.0242844, 0.0359035
2003, 0.0542354, 0.0504303
2006, 0.0894609, 0.0690365
2009, 0.088732, 0.089602
2012, 0.0879757, 0.12547
2015, 0.104893, 0.151209
2018, 0.123777, 0.188154
2021, 0.115779, 0.215695
2024, 0.127077, 0.257218
2027, 0.157479, 0.261623
2030, 0.185725, 0.270903
2033, 0.195616, 0.270162
2036, 0.195067, 0.269127
2039, 0.198065, 0.257277
2042, 0.210562, 0.262893
2045, 0.212995, 0.252496
2048, 0.198202, 0.23623
2051, 0.167275, 0.197614
2054, 0.144566, 0.179267
2057, 0.135839, 0.145424
2060, 0.105293, 0.108631
2063, 0.0655605, 0.0749498
2066, 0.0580405, 0.0585969
2069, 0.048757, 0.0308993
2072, 0.031781, 0.0187198
2075, 0.0148481, 0.0155809
2078, 0.0142995, 0.0152713
2081, 0.0138684, 0.0123558
2084, 0.0134609, 0.0149382
2087, 0.0110587, 0.015044
2090, 0.00860164, 0.00822544
2093, 0.00517666, 0.011188
2096, 0.00883284, 0.0165332
2099, 0.0200757, 0.0276781
2102, 0.0386153, 0.0357272
2105, 0.0539219, 0.0501168
2108, 0.0705569, 0.0541021
2111, 0.0864317, 0.0837004
2114, 0.113788, 0.071807
2117, 0.136968, 0.0833986
2120, 0.157185, 0.105077
2123, 0.184142, 0.144366
2126, 0.19897, 0.170685
2129, 0.213669, 0.174529
2132, 0.230093, 0.194354
2135, 0.235975, 0.236206
2138, 0.244608, 0.211683
2141, 0.251814, 0.210331
2144, 0.246285, 0.208167
2147, 0.24498, 0.206827
2150, 0.246175, 0.221056
2153, 0.247002, 0.22202
2156, 0.255408, 0.226049
2159, 0.253057, 0.215946
2162, 0.242887, 0.204417
2165, 0.236202, 0.189992
2168, 0.217086, 0.187049
2171, 0.19562, 0.174082
2174, 0.179894, 0.157843
2177, 0.159262, 0.128123
2180, 0.128966, 0.111802
2183, 0.112452, 0.105567
2186, 0.0871763, 0.0782808
2189, 0.0688053, 0.0682684
2192, 0.0450812, 0.0533654
2195, 0.036123, 0.0420598
2198, 0.0325843, 0.0289281
2201, 0.0222193, 0.0125713
2204, 0.0140095, 0.00107765
2207, 0.00925998, 0
2210, 0.00974983, 0
2213, 0.00920904, 0.000626999
2216, 0.00918553, 0.000595649
2219, 0.00904054, 0
2222, 0.00900527, 0
2225, 0.00949511, 0
2228, 0.00939322, 0.00168506
2231, 0.0102828, 0.00344457
2234, 0.00957348, 0.00315067
2237, 0.00983212, 0.000732805
2240, 0.0105218, 0.00371889
2243, 0.00984388, 0.00478478
2246, 0.0102475, 0.00470641
2249, 0.0105375, 0.00320553
2252, 0.0106903, 0.00621904
2255, 0.0128535, 0.00693617
2258, 0.0118268, 0.00791978
2261, 0.0110979, 0.00385996
2264, 0.0115642, 0.00816274
2267, 0.0238534, 0.0300215
2270, 0.0340656, 0.0492899
2273, 0.0424909, 0.0729317
2276, 0.0505361, 0.0799227
2279, 0.0593689, 0.0943163
2282, 0.0649492, 0.101546
2285, 0.069252, 0.100418
2288, 0.0800599, 0.109376
2291, 0.0924901, 0.115634
2294, 0.0985994, 0.122923
2297, 0.104599, 0.134523
2300, 0.119913, 0.158356
2303, 0.132022, 0.155362
2306, 0.137642, 0.144817
2309, 0.119894, 0.13571
2312, 0.0978588, 0.126097
2315, 0.0803028, 0.113087
2318, 0.0660112, 0.103804
2321, 0.0654038, 0.0888888
2324, 0.0607718, 0.0813962
2327, 0.0545097, 0.0792879
2330, 0.0537338, 0.0791115
2333, 0.0512806, 0.0666656
2336, 0.044799, 0.0582913
2339, 0.0446619, 0.0552229
2342, 0.0385251, 0.0460295
2345, 0.0301273, 0.0303859
2348, 0.0251857, 0.0249075
2351, 0.022184, 0.0233792
2354, 0.0177401, 0.0191391
2357, 0.0185121, 0.0223603
2360, 0.0224113, 0.0308601
2363, 0.0298686, 0.0403043
2366, 0.0357585, 0.0488824
2369, 0.0367382, 0.0492743
2372, 0.035398, 0.0449636
2375, 0.0336306, 0.0426124
2378, 0.0290653, 0.0366324
2381, 0.0220978, 0.0237868
2384, 0.031781, 0.0474246
2387, 0.0548389, 0.0671711
2390, 0.069299, 0.0863769
2393, 0.0762665, 0.0953586
2396, 0.0821917, 0.100625
2399, 0.0858753, 0.102957
2402, 0.0889162, 0.101092
2405, 0.0870901, 0.106711
2408, 0.0993166, 0.112824
2411, 0.0837121, 0.0921923
2414, 0.0744678, 0.079425
2417, 0.0645534, 0.0501834
2420, 0.0399555, 0.0251074
2423, 0.0198014, 0.0017987
2426, 0.00974591, 0.00552934
2429, 0.0159023, 0.0130102
2432, 0.0209104, 0.02903
2435, 0.0368479, 0.0466369
2438, 0.0423224, 0.0521036
2441, 0.0432747, 0.0542236
2444, 0.0454221, 0.056712
2447, 0.0479301, 0.0596315
2450, 0.0508966, 0.0662542
2453, 0.0526914, 0.0702199
2456, 0.0591612, 0.0750909
2459, 0.0698868, 0.0692912
2462, 0.0537142, 0.0637422
2465, 0.0425967, 0.0505087
2468, 0.0341087, 0.0358878
2471, 0.0251348, 0.0182496
2474, 0.0145111, 0.00348376
2477, 0.0154242, 0.0124812
2480, 0.0173796, 0.0164626
2483, 0.021028, 0.0209849
2486, 0.0237907, 0.0254013
2489, 0.0259264, 0.0276467
2492, 0.0279132, 0.0312598
2495, 0.0298765, 0.0352334
2498, 0.0337756, 0.0371105
2501, 0.0368127, 0.0407588
2504, 0.0368009, 0.0370321
2507, 0.0314988, 0.0370086
2510, 0.0402063, 0.0465233
2513, 0.0502931, 0.0625745
2516, 0.0566493, 0.07118
2519, 0.0623237, 0.0791155
2522, 0.0702003, 0.0882932
2525, 0.0768308, 0.0974748
2528, 0.085887, 0.109019
2531, 0.0946885, 0.122363
2534, 0.102013, 0.126505
2537, 0.0985446, 0.129992
2540, 0.111034, 0.141807
2543, 0.116626, 0.150009
2546, 0.108255, 0.135878
2549, 0.096644, 0.106194
2552, 0.0843431, 0.0802127
2555, 0.0614694, 0.0501364
2558, 0.0397478, 0.034724
2561, 0.0241081, 0.0139821
2564, 0.0194017, 0.0110391
2567, 0.0158356, 0.00781005
2570, 0.0124263, 0.00326823
2573, 0.0109568, 0
2576, 0.0112037, 0
2579, 0.0114075, 0
2582, 0.0113722, 0.000564299
2585, 0.0113761, 0.000587811
2588, 0.0109137, 0
2591, 0.0113448, 0
2594, 0.0115407, 0
2597, 0.0115407, 0
2600, 0.0117954, 0
2603, 0.0118424, 0
2606, 0.0119326, 0.000564299
2609, 0.0122226, 0
2612, 0.0119169, 0.00167722
2615, 0.0116191, 0
2618, 0.0114976, 0
2621, 0.0116739, 0.00130494
2624, 0.013359, 0.00802166
2627, 0.0265338, 0.0238847
2630, 0.0350453, 0.0367147
2633, 0.0395636, 0.0417072
2636, 0.0422832, 0.053722
2639, 0.0592592, 0.0800951
2642, 0.0832889, 0.118072
2645, 0.105493, 0.15037
2648, 0.122798, 0.182605
2651, 0.139668, 0.195706
2654, 0.156193, 0.212325
2657, 0.178695, 0.232244
2660, 0.186383, 0.234278
2663, 0.179184, 0.240619
2666, 0.172064, 0.233706
2669, 0.176951, 0.233388
2672, 0.184698, 0.212745
2675, 0.179474, 0.199096
2678, 0.156765, 0.183115
2681, 0.145961, 0.173228
2684, 0.14633, 0.148708
2687, 0.124189, 0.125991
2690, 0.113146, 0.107797
2693, 0.0931955, 0.0794211
2696, 0.0691893, 0.0573664
2699, 0.0549643, 0.0406726
2702, 0.0462137, 0.040218
2705, 0.0453477, 0.0404884
2708, 0.0474481, 0.0405355
2711, 0.0464919, 0.0391325
2714, 0.0489333, 0.0408646
2717, 0.0533066, 0.0414681
2720, 0.054545, 0.0423616
2723, 0.0550897, 0.0430513
2726, 0.0556814, 0.0472287
2729, 0.0664031, 0.0574566
2732, 0.0778458, 0.0711839
2735, 0.0845312, 0.0812277
2738, 0.0868471, 0.0790802
2741, 0.0880306, 0.0778732
2744, 0.0845468, 0.0730884
2747, 0.086228, 0.0767956
2750, 0.085311, 0.0824895
2753, 0.0882069, 0.0783004
2756, 0.0887673, 0.0802676
2759, 0.0928546, 0.0834927
2762, 0.0921649, 0.0791233
2765, 0.0941399, 0.0761215
2768, 0.0976825, 0.0757728
2771, 0.0988973, 0.0801892
2774, 0.103835, 0.0814785
2777, 0.106057, 0.0864161
2780, 0.1138, 0.0890064
2783, 0.117476, 0.0910284
2786, 0.116312, 0.0859145
2789, 0.115787, 0.0841236
2792, 0.119623, 0.081937
2795, 0.121485, 0.0753966
2798, 0.123993, 0.0731551
2801, 0.126567, 0.0638285
2804, 0.127916, 0.0559675
2807, 0.128778, 0.0346887
2810, 0.13252, 0.0396851
2813, 0.13337, 0.0198249
2816, 0.137027, 0.0204049
2819, 0.137846, 0.0135314
2822, 0.139977, 0.0168584
2825, 0.143465, 0.0162432
2828, 0.142325, 0.0117797
2831, 0.14149, 0.00581933
2834, 0.142697, 0.00902486
2837, 0.137893, 0.014566
2840, 0.140671, 0.0205695
2843, 0.141674, 0.0232107
2846, 0.140941, 0.0176539
2849, 0.143532, 0.0286969
2852, 0.156985, 0.0442779
2855, 0.164826, 0.0521349
2858, 0.161146, 0.0411585
2861, 0.14716, 0.0301782
2864, 0.144065, 0.0236104
2867, 0.144848, 0.0252367
2870, 0.148375, 0.0324981
2873, 0.150958, 0.0244765
2876, 0.147885, 0.0318398
2879, 0.147372, 0.0345555
2882, 0.150715, 0.0329057
2885, 0.155672, 0.0445051
2888, 0.153454, 0.039352
2891, 0.15816, 0.046488
2894, 0.156977, 0.0451792
2897, 0.156103, 0.0406295
2900, 0.15903, 0.041762
2903, 0.158501, 0.0420128
2906, 0.157616, 0.031154
2909, 0.16135, 0.0438781
2912, 0.155633, 0.0423459
2915, 0.159403, 0.0387759
2918, 0.160457, 0.0471072
2921, 0.160653, 0.0429259
2924, 0.163533, 0.035061
2927, 0.161848, 0.0489568
2930, 0.16376, 0.0597765
2933, 0.169493, 0.0551876
2936, 0.164144, 0.0556814
2939, 0.166503, 0.0508261
2942, 0.178248, 0.0610226
2945, 0.191427, 0.0766075
2948, 0.213658, 0.0746324
2951, 0.228788, 0.0872782
2954, 0.239772, 0.0948453
2957, 0.251642, 0.096597
2960, 0.269707, 0.115595
2963, 0.280746, 0.0821838
2966, 0.290477, 0.0912479
2969, 0.301622, 0.100531
2972, 0.312402, 0.0959856
2975, 0.327426, 0.107295
2978, 0.336706, 0.108071
2981, 0.346276, 0.120658
2984, 0.355485, 0.143786
2987, 0.356703, 0.154873
2990, 0.371744, 0.160829
2993, 0.386121, 0.168768
2996, 0.394739, 0.172346
2999, 0.400652, 0.186657
3002, 0.403748, 0.199162
3005, 0.407526, 0.19868
3008, 0.415238, 0.260604
3011, 0.410559, 0.221738
3014, 0.413219, 0.23032
3017, 0.424458, 0.242088
3020, 0.427832, 0.215382
3023, 0.42864, 0.218082
3026, 0.433166, 0.184177
3029, 0.434698, 0.170873
3032, 0.435309, 0.178409
3035, 0.43471, 0.189918
3038, 0.429968, 0.184737
3041, 0.437257, 0.179298
3044, 0.443911, 0.164101
3047, 0.445855, 0.122061
3050, 0.445294, 0.107652
3053, 0.447689, 0.100198
3056, 0.448715, 0.0964833
3059, 0.459241, 0.101327
3062, 0.458508, 0.113408
3065, 0.470845, 0.125212
3068, 0.481127, 0.133743
3071, 0.487707, 0.145526
3074, 0.4886, 0.143802
3077, 0.485465, 0.143034
3080, 0.481531, 0.123652
3083, 0.47936, 0.109834
3086, 0.481386, 0.114267
3089, 0.488471, 0.11237
3092, 0.493326, 0.102091
3095, 0.500106, 0.094426
3098, 0.502916, 0.107836
3101, 0.506587, 0.107628
3104, 0.50422, 0.106719
3107, 0.502253, 0.113212
3110, 0.504228, 0.120701
3113, 0.498131, 0.116414
3116, 0.497472, 0.109082
3119, 0.496544, 0.0929643
3122, 0.494149, 0.0990619
3125, 0.491653, 0.0872939
3128, 0.489945, 0.0787902
3131, 0.490713, 0.0679666
3134, 0.493565, 0.0558264
3137, 0.48824, 0.0397243
3140, 0.492805, 0.0470014
3143, 0.493307, 0.0444816
3146, 0.494518, 0.0431689
3149, 0.496003, 0.0322356
3152, 0.499067, 0.0320357
3155, 0.501505, 0.0304721
3158, 0.505192, 0.031009
3161, 0.503507, 0.0357468
3164, 0.504808, 0.0330115
3167, 0.505126, 0.0307347
3170, 0.506066, 0.0323179
3173, 0.508559, 0.0383057
3176, 0.510428, 0.0452771
3179, 0.512246, 0.0455201
3182, 0.514817, 0.0552072
3185, 0.51977, 0.0720735
3188, 0.518998, 0.0643849
3191, 0.524923, 0.070796
3194, 0.528282, 0.068719
3197, 0.529528, 0.0591299
3200, 0.530464, 0.0466056
3203, 0.533392, 0.0473423
3206, 0.533823, 0.0399241
3209, 0.535837, 0.032361
3212, 0.530695, 0.0246058
3215, 0.532455, 0.019292
3218, 0.531264, 0.0240885
3221, 0.533611, 0.0166899
3224, 0.536174, 0.0127437
3227, 0.540543, 0.022811
3230, 0.543796, 0.024355
3233, 0.544305, 0.0256207
3236, 0.541774, 0.0147972
3239, 0.54349, 0.00860947
3242, 0.545324, 0.00685388
3245, 0.546539, 0.00828422
3248, 0.547648, 0.00785708
3251, 0.54724, 0.00867609
3254, 0.546841, 0.0118268
3257, 0.546061, 0.0130063
3260, 0.549051, 0.0191039
3263, 0.547001, 0.00927566
3266, 0.549991, 0.0116308
3269, 0.549074, 0.0126419
3272, 0.554855, 0.0158905
3275, 0.556473, 0.0162471
3278, 0.557543, 0.00979293
3281, 0.554764, 0.0172934
3284, 0.555677, 0.011094
3287, 0.544133, 0.0175951
3290, 0.543063, 0.0127986
3293, 0.543416, 0.0189628
3296, 0.546884, 0.0156044
3299, 0.549678, 0.0195271
3302, 0.54909, 0.0194095
3305, 0.550893, 0.0199229
3308, 0.548651, 0.0130298
3311, 0.54438, 0.0135863
3314, 0.544928, 0.0163451
3317, 0.545751, 0.0150401
3320, 0.545544, 0.0217725
3323, 0.544125, 0.0181046
3326, 0.543761, 0.0201972
3329, 0.546578, 0.0233949
3332, 0.548655, 0.0275723
3335, 0.549349, 0.0337678
3338, 0.546915, 0.0275566
3341, 0.548557, 0.0254797
3344, 0.551386, 0.0298961
3347, 0.552068, 0.0283599
3350, 0.553052, 0.0259068
3353, 0.553906, 0.026957
3356, 0.557406, 0.0318241
3359, 0.560999, 0.0285559
3362, 0.5519, 0.0289869
3365, 0.551528, 0.0295865
3368, 0.548808, 0.021557
3371, 0.547926, 0.024982
3374, 0.546774, 0.0193429
3377, 0.545575, 0.0142289
3380, 0.544736, 0.00854286
3383, 0.543812, 0.00583501
3386, 0.538043, 0.00631701
3389, 0.539662, 0.0155025
3392, 0.544082, 0.0197975
3395, 0.543314, 0.0198641
3398, 0.543866, 0.01977
3401, 0.546414, 0.0174423
3404, 0.55217, 0.0206988
3407, 0.555019, 0.0227326
3410, 0.554427, 0.0178028
3413, 0.547911, 0.0128417
3416, 0.547789, 0.00654038
3419, 0.548624, 0.000940498
3422, 0.549329, 0
3425, 0.548828, 0.00309189
3428, 0.54898, 0.00417738
3431, 0.548906, 0.00150872
3434, 0.549427, 0.00122657
3437, 0.549905, 0.000881717
3440, 0.552942, 0.00501599
3443, 0.553463, 0.00822936
3446, 0.554937, 0.00860164
3449, 0.557092, 0.00889946
3452, 0.557919, 0.00660308
3455, 0.559169, 0.00762587
3458, 0.560196, 0.00622688
3461, 0.552915, 0.014566
3464, 0.553851, 0.0153811
3467, 0.552809, 0.00706941
3470, 0.550579, 0.0101809
3473, 0.549427, 0.00636795
3476, 0.544388, 0
3479, 0.544254, 0.000940498
3482, 0.544011, 0.00262556
3485, 0.545559, 0.00366402
3488, 0.543118, 0.000881717
3491, 0.544011, 0.00105022
3494, 0.543228, 0.000348768
3497, 0.544493, 0.00177519
3500, 0.545062, 0.00755925
3503, 0.546214, 0.00744169
3506, 0.545011, 0.00572136
3509, 0.544223, 0.00254718
3512, 0.541735, 0.00311148
3515, 0.543882, 0
3518, 0.544454, 0
3521, 0.544384, 0
3524, 0.544689, 0.000881717
3527, 0.544705, 0.000881717
3530, 0.544932, 0
3533, 0.544779, 0.00105022
3536, 0.537922, 0.0018183
3539, 0.540763, 0
3542, 0.541644, 0.000999279
3545, 0.544905, 0.00914242
3548, 0.550344, 0.0103494
3551, 0.553773, 0.0101456
3554, 0.555215, 0.010659
3557, 0.55594, 0.0115054
3560, 0.555932, 0.0119286
3563, 0.552343, 0.0100908
3566, 0.552053, 0.00719089
3569, 0.553334, 0.0221174
3572, 0.550783, 0
3575, 0.551896, 0.00419697
3578, 0.552864, 0.00597608
3581, 0.555203, 0.00674807
3584, 0.556638, 0.0099536
3587, 0.556928, 0.0106982
3590, 0.558248, 0.0135432
3593, 0.55795, 0.0109372
3596, 0.550638, 0.00789234
3599, 0.550172, 0.00840962
3602, 0.545689, 0.00485924
3605, 0.545814, 0.00355038
3608, 0.547762, 0.00550191
3611, 0.548659, 0.00369537
3614, 0.549792, 0.00164587
3617, 0.550332, 0.00463195
3620, 0.547863, 0.0157298
3623, 0.554133, 0.0204833
3626, 0.553409, 0.0187786
3629, 0.551692, 0.0132493
3632, 0.554373, 0.01678
3635, 0.555646, 0.018951
3638, 0.554036, 0.0184416
3641, 0.55527, 0.0142877
3644, 0.555532, 0.0144954
3647, 0.552703, 0.00843313
3650, 0.55168, 0.00409117
3653, 0.552256, 0.00199072
3656, 0.549882, 0.00254326
3659, 0.549149, 0
3662, 0.54987, 0
3665, 0.549259, 0.00144602
3668, 0.548694, 0.000881717
3671, 0.545234, 0.0069009
3674, 0.545293, 0.0149657
3677, 0.547538, 0.0133629
3680, 0.548953, 0.0120266
3683, 0.549842, 0.0109019
3686, 0.551198, 0.00440466
3689, 0.551571, 0.00400103
3692, 0.551367, 0.00523152
3695, 0.548314, 0.0129083
3698, 0.547479, 0.0273763
3701, 0.547914, 0.0336933
3704, 0.547797, 0.0337678
3707, 0.549498, 0.0376395
3710, 0.551731, 0.0338383
3713, 0.552303, 0.0327528
3716, 0.551947, 0.0328234
3719, 0.551857, 0.030335
3722, 0.546594, 0.0318554
3725, 0.549431, 0.0291398
3728, 0.550411, 0.0291241
3731, 0.550995, 0.0313029
3734, 0.550791, 0.0331565
3737, 0.550552, 0.0322591
3740, 0.551163, 0.0297668
3743, 0.551712, 0.03289
3746, 0.546351, 0.0254522
3749, 0.546139, 0.030143
3752, 0.547558, 0.0226542
3755, 0.547773, 0.0168584
3758, 0.548287, 0.00396968
3761, 0.549372, 0.00648944
3764, 0.549839, 0.0112742
3767, 0.5492, 0.0194879
3770, 0.544395, 0.0190999
3773, 0.548565, 0.019915
3776, 0.549987, 0.0309659
3779, 0.552182, 0.0276741
3782, 0.55505, 0.0263692
3785, 0.557629, 0.0236222
3788, 0.559353, 0.0170308
3791, 0.561077, 0.0182653
3794, 0.562281, 0.0354176
3797, 0.55701, 0.0378315
3800, 0.557915, 0.0434157
3803, 0.559675, 0.0472483
3806, 0.560521, 0.0515471
3809, 0.56027, 0.0521036
3812, 0.563045, 0.0509593
3815, 0.564738, 0.0449871
3818, 0.56875, 0.0304408
3821, 0.574703, 0.0212161
3824, 0.576333, 0.00607405
3827, 0.579096, 0.0106747
3830, 0.580585, 0.0098478
3833, 0.582031, 0.0135353
3836, 0.584523, 0.013841
3839, 0.586741, 0.0113173
3842, 0.58789, 0.0134452
3845, 0.583497, 0.0138959
3848, 0.587458, 0.0166703
3851, 0.588716, 0.0186728
3854, 0.588712, 0.0210672
3857, 0.588364, 0.0250603
3860, 0.585969, 0.0235556
3863, 0.585766, 0.0238769
3866, 0.586056, 0.0171641
3869, 0.587141, 0.0290771
3872, 0.585182, 0.0198406
3875, 0.584841, 0.0269139
3878, 0.584468, 0.0297864
3881, 0.586279, 0.0336228
3884, 0.58584, 0.028693
3887, 0.586812, 0.0245235
3890, 0.587094, 0.031107
3893, 0.587059, 0.0417699
3896, 0.580573, 0.047311
3899, 0.586632, 0.050442
3902, 0.588477, 0.0403474
3905, 0.589398, 0.0354372
3908, 0.591326, 0.0269923
3911, 0.591283, 0.0244294
3914, 0.590789, 0.021075
3917, 0.589245, 0.0190804
3920, 0.58441, 0.0199072
3923, 0.584527, 0.0142054
3926, 0.586671, 0.0170308
3929, 0.58553, 0.0224074
3932, 0.585789, 0.020013
3935, 0.587772, 0.0126183
3938, 0.58952, 0.0128221
3941, 0.590633, 0.0163725
3944, 0.589469, 0.0132493
3947, 0.580358, 0.00777086
3950, 0.582239, 0.00286852
3953, 0.583677, 0.00369145
3956, 0.584096, 0.00486316
3959, 0.585362, 0.016976
3962, 0.58653, 0.0220272
3965, 0.586671, 0.0163764
3968, 0.586608, 0.00818233
3971, 0.583622, 0.00358957
3974, 0.583019, 0.00476519
3977, 0.583414, 0.00530598
3980, 0.582505, 0.0162118
3983, 0.58046, 0.0202716
3986, 0.580726, 0.0209809
3989, 0.585052, 0.0128417
3992, 0.584527, 0.00281366
3995, 0.57948, 0.00442034
3998, 0.581502, 0.00201031
4001, 0.581106, 0.00166155
4004, 0.581768, 0.00122657
4007, 0.582768, 0.00052903
4010, 0.584476, 0.00182221
4013, 0.584551, 0.00212788
4016, 0.584978, 0.00520017
4019, 0.585468, 0.0159924
4022, 0.584563, 0.0173757
4025, 0.584794, 0.015385
4028, 0.585409, 0.0074221
4031, 0.585095, 0.0090327
4034, 0.586095, 0.0133316
4037, 0.58506, 0.0225602
4040, 0.585887, 0.0149813
4043, 0.585334, 0.00333485
4046, 0.579844, 0
4049, 0.580945, 0
4052, 0.581228, 0.0019437
4055, 0.581032, 0
4058, 0.583148, 0.000881717
4061, 0.582693, 0.000881717
4064, 0.582517, 0
4067, 0.582795, 0.00692833
4070, 0.581729, 0.000877798
4073, 0.580789, 0
4076, 0.580883, 0
4079, 0.581388, 0
4082, 0.581604, 0
4085, 0.583489, 0
4088, 0.583222, 0
4091, 0.583387, 0
4094, 0.583771, 0.00258637
4097, 0.577352, 0
4100, 0.579041, 0.00333093
4103, 0.580471, 0
4106, 0.582509, 0
4109, 0.583128, 0
4112, 0.585013, 0.00220625
4115, 0.583348, 0.00182221
4118, 0.584312, 0.00159493
4121, 0.581106, 0
4124, 0.581298, 0.00202599
4127, 0.581647, 0.00469857
4130, 0.580863, 0.00531773
4133, 0.580989, 0.00599959
4136, 0.580315, 0.0190686
4139, 0.576749, 0.0337795
4142, 0.578696, 0.0520213
4145, 0.56933, 0.0612382
4148, 0.573339, 0.0687817
4151, 0.576321, 0.0692912
4154, 0.57747, 0.0735744
4157, 0.58084, 0.0739075
4160, 0.583273, 0.0923569
4163, 0.583485, 0.109066
4166, 0.584594, 0.10059
4169, 0.593638, 0.127445
4172, 0.591777, 0.128684
4175, 0.596252, 0.0809534
4178, 0.603173, 0.0961424
4181, 0.610132, 0.0952176
4184, 0.611778, 0.100394
4187, 0.608533, 0.105054
4190, 0.608616, 0.0939597
4193, 0.609674, 0.0934228
4196, 0.604544, 0.0944495
4199, 0.610391, 0.113303
4202, 0.621928, 0.153865
4205, 0.625278, 0.192692
4208, 0.620164, 0.236053
4211, 0.619337, 0.269872
4214, 0.619091, 0.294262
4217, 0.611594, 0.305223
4220, 0.592463, 0.310427
4223, 0.582956, 0.291014
4226, 0.569491, 0.286174
4229, 0.552582, 0.293565
4232, 0.537757, 0.298592
4235, 0.530249, 0.313719
4238, 0.515836, 0.320459
4241, 0.489345, 0.331365
4244, 0.472487, 0.341424
4247, 0.45787, 0.354297
4250, 0.456612, 0.374973
4253, 0.457489, 0.3698
4256, 0.459872, 0.380623
4259, 0.472859, 0.384044
4262, 0.467228, 0.370348
4265, 0.468243, 0.352906
4268, 0.466616, 0.339484
4271, 0.465519, 0.328978
4274, 0.466459, 0.338419
4277, 0.463611, 0.353956
4280, 0.460237, 0.361371
4283, 0.453618, 0.350676
4286, 0.461792, 0.349971
4289, 0.465492, 0.356797
4292, 0.474654, 0.367582
4295, 0.470225, 0.367127
4298, 0.47684, 0.375012
4301, 0.482229, 0.380639
4304, 0.488491, 0.37585
4307, 0.48737, 0.377112
4310, 0.485599, 0.384436
4313, 0.487981, 0.375024
4316, 0.489662, 0.378566
4319, 0.472079, 0.368111
4322, 0.456016, 0.358134
4325, 0.45738, 0.356472
4328, 0.460323, 0.350347
4331, 0.4537, 0.357859
4334, 0.454366, 0.355853
4337, 0.453316, 0.353208
4340, 0.446968, 0.338097
4343, 0.447211, 0.345739
4346, 0.434071, 0.348549
4349, 0.445976, 0.33343
4352, 0.448069, 0.33863
4355, 0.457007, 0.337776
4358, 0.456337, 0.324037
4361, 0.455499, 0.326153
4364, 0.447908, 0.323002
4367, 0.448954, 0.33024
4370, 0.428205, 0.312398
4373, 0.423526, 0.308581
4376, 0.425042, 0.307551
4379, 0.425567, 0.312367
4382, 0.423788, 0.326502
4385, 0.40874, 0.327779
4388, 0.399183, 0.341765
4391, 0.392286, 0.339226
4394, 0.395989, 0.344062
4397, 0.385432, 0.341695
4400, 0.372806, 0.337901
4403, 0.363048, 0.364631
4406, 0.361567, 0.376089
4409, 0.36572, 0.380694
4412, 0.370121, 0.370725
4415, 0.372535, 0.367202
4418, 0.375239, 0.358275
4421, 0.353866, 0.349752
4424, 0.356554, 0.366238
4427, 0.353682, 0.382563
4430, 0.370975, 0.386737
4433, 0.383566, 0.39109
4436, 0.39825, 0.400703
4439, 0.405915, 0.400993
4442, 0.408392, 0.405978
4445, 0.39131, 0.395182
4448, 0.401381, 0.409728
4451, 0.407933, 0.41414
4454, 0.396087, 0.406076
4457, 0.387991, 0.401428
4460, 0.381235, 0.395123
4463, 0.376834, 0.377582
4466, 0.367946, 0.36708
4469, 0.363201, 0.353396
4472, 0.348803, 0.3345
4475, 0.337701, 0.300199
4478, 0.317163, 0.285617
4481, 0.300826, 0.269888
4484, 0.292938, 0.265538
4487, 0.28885, 0.248229
4490, 0.287428, 0.25221
4493, 0.298663, 0.23168
4496, 0.29666, 0.235971
4499, 0.333179, 0.262693
4502, 0.368119, 0.263367
4505, 0.392576, 0.276252
4508, 0.402866, 0.279524
4511, 0.420802, 0.28782
4514, 0.4323, 0.294074
4517, 0.461126, 0.294783
4520, 0.447873, 0.292581
4523, 0.46432, 0.310662
4526, 0.471009, 0.320933
4529, 0.470288, 0.331032
4532, 0.449969, 0.339618
4535, 0.431308, 0.343321
4538, 0.413733, 0.339555
4541, 0.410265, 0.348325
4544, 0.403944, 0.360293
4547, 0.390773, 0.366559
4550, 0.372915, 0.376176
4553, 0.371391, 0.386874
4556, 0.384448, 0.386654
4559, 0.392866, 0.396001
4562, 0.404293, 0.399018
4565, 0.408932, 0.390816
4568, 0.406593, 0.391412
4571, 0.394974, 0.385055
4574, 0.393344, 0.388731
4577, 0.388567, 0.385494
4580, 0.377998, 0.375482
4583, 0.371003, 0.350892
4586, 0.371434, 0.328163
4589, 0.368562, 0.33352
4592, 0.35909, 0.32408
4595, 0.333849, 0.311802
4598, 0.327109, 0.311085
4601, 0.326153, 0.310008
4604, 0.319569, 0.318884
4607, 0.319491, 0.311947
4610, 0.322971, 0.313844
4613, 0.313111, 0.286938
4616, 0.30846, 0.292264
4619, 0.307919, 0.282475
4622, 0.295696, 0.279371
4625, 0.294462, 0.280872
4628, 0.302492, 0.279304
4631, 0.305717, 0.294227
4634, 0.297797, 0.287784
4637, 0.295281, 0.284885
4640, 0.298091, 0.273638
4643, 0.310854, 0.278658
4646, 0.309251, 0.276448
4649, 0.294678, 0.271001
4652, 0.28521, 0.280021
4655, 0.28017, 0.288337
4658, 0.28731, 0.287632
4661, 0.282153, 0.280041
4664, 0.271671, 0.264491
4667, 0.248969, 0.241461
4670, 0.219516, 0.210581
4673, 0.200283, 0.191238
4676, 0.183863, 0.186034
4679, 0.172671, 0.17931
4682, 0.178448, 0.200624
4685, 0.193339, 0.218587
4688, 0.222514, 0.239843
4691, 0.236935, 0.24942
4694, 0.234094, 0.253394
4697, 0.22307, 0.248609
4700, 0.231899, 0.251771
4703, 0.23244, 0.252351
4706, 0.235826, 0.250478
4709, 0.233424, 0.256889
4712, 0.239764, 0.270789
4715, 0.264209, 0.295763
4718, 0.275817, 0.307374
4721, 0.283921, 0.304474
4724, 0.2905, 0.297871
4727, 0.29445, 0.294885
4730, 0.300575, 0.297511
4733, 0.30306, 0.284779
4736, 0.289591, 0.280797
4739, 0.27979, 0.280891
4742, 0.288247, 0.285441
4745, 0.286954, 0.280394
4748, 0.300693, 0.273023
4751, 0.282138, 0.263453
4754, 0.25609, 0.257281
4757, 0.23079, 0.234349
4760, 0.207556, 0.201564
4763, 0.19723, 0.191693
4766, 0.186885, 0.175932
4769, 0.166786, 0.145452
4772, 0.13843, 0.123389
4775, 0.116716, 0.0945435
4778, 0.090135, 0.0636521
4781, 0.0582129, 0.0393716
4784, 0.0363738, 0.0219175
4787, 0.0240846, 0.00196329
4790, 0.0107765, 0
4793, 0.00842137, 0
4796, 0.00885244, 0
4799, 0.00847232, 0
4802, 0.00847624, 0
4805, 0.00847624, 0
4808, 0.00848799, 0
4811, 0.00855069, 0
4814, 0.00860164, 0
4817, 0.0085938, 0
4820, 0.00870744, 0
4823, 0.00870744, 0
4826, 0.00883284, 0
4829, 0.00922472, 0
4832, 0.00912675, 0
4835, 0.0120305, 0.00555286
4838, 0.0121716, 0.00448304
4841, 0.0131552, 0.00367578
4844, 0.0130572, 0.00626999
4847, 0.013841, 0.0010659
4850, 0.0136921, 0.00545097
4853, 0.0140173, 0.004244
4856, 0.0140761, 0.00209261
4859, 0.0148207, 0.00697928
4862, 0.0145033, 0.00288027
4865, 0.0141623, 0.00593297
4868, 0.0131199, 0.00231206
4871, 0.013022, 0.00205342
4874, 0.0127555, 0.00394225
4877, 0.0126223, 0
4880, 0.0123127, 0.0043067
4883, 0.0120227, 0.00287636
4886, 0.0117797, 0.00159101
4889, 0.0117092, 0.00348376
4892, 0.0117954, 0.000646592
4895, 0.0119404, 0.00684996
4898, 0.0176226, 0.0122539
4901, 0.0230696, 0.0180027
4904, 0.0272431, 0.0249467
4907, 0.0265612, 0.0242962
4910, 0.0237005, 0.0200914
4913, 0.0205146, 0.014805
4916, 0.0193821, 0.0207693
4919, 0.0322081, 0.0339755
4922, 0.0359427, 0.0399124
4925, 0.0399829, 0.0524406
4928, 0.0589457, 0.0785159
4931, 0.0785041, 0.103482
4934, 0.0802284, 0.110599
4937, 0.0860791, 0.119961
4940, 0.0939205, 0.132806
4943, 0.115783, 0.137924
4946, 0.116242, 0.139303
4949, 0.113369, 0.137665
4952, 0.106539, 0.137093
4955, 0.110646, 0.129953
4958, 0.106257, 0.1082
4961, 0.0873448, 0.0821055
4964, 0.0720265, 0.0596158
4967, 0.0653528, 0.0616144
4970, 0.0622766, 0.0634483
4973, 0.0591338, 0.0751536
4976, 0.0592122, 0.08912
4979, 0.0713877, 0.106182
4982, 0.0825835, 0.122229
4985, 0.0914948, 0.1352
4988, 0.102279, 0.146439
4991, 0.10349, 0.156103
4994, 0.121575, 0.170399
4997, 0.117891, 0.161127
5000, 0.106582, 0.146851
5003, 0.111563, 0.140389
5006, 0.105465, 0.127794
5009, 0.0855579, 0.0947904
5012, 0.063562, 0.0653215
5015, 0.040077, 0.0429181
5018, 0.0282032, 0.0172111
5021, 0.0244725, 0.0162079
5024, 0.0163882, 0.0165253
5027, 0.0188766, 0.0197191
5030, 0.0211103, 0.0236849
5033, 0.0235595, 0.0268042
5036, 0.0260635, 0.0300959
5039, 0.028403, 0.0337521
5042, 0.0309267, 0.03916
5045, 0.0416327, 0.0517783
5048, 0.0569589, 0.0647219
5051, 0.0755416, 0.0716894
5054, 0.0841001, 0.0726025
5057, 0.0915026, 0.0771326
5060, 0.101883, 0.0876505
5063, 0.119322, 0.106535
5066, 0.130275, 0.138069
5069, 0.138034, 0.163956
5072, 0.164332, 0.174776
5075, 0.174721, 0.186908
5078, 0.181951, 0.196827
5081, 0.177225, 0.189624
5084, 0.170316, 0.182159
5087, 0.166394, 0.184063
5090, 0.15035, 0.168906
5093, 0.14111, 0.171723
5096, 0.129507, 0.149429
5099, 0.103141, 0.11632
5102, 0.0851582, 0.0871136
5105, 0.0693069, 0.0587772
5108, 0.0666891, 0.0565945
5111, 0.0566376, 0.0427809
5114, 0.0486551, 0.0239043
5117, 0.0362719, 0
5120, 0.0164861, 0
5123, 0.0087819, 0
5126, 0.00879757, 0.00283325
5129, 0.0135118, 0.00987131
5132, 0.0169172, 0.0144641
5135, 0.0153458, 0.0106864
5138, 0.0125988, 0.00413427
5141, 0.00966753, 0.00056038
5144, 0.00895432, 0
5147, 0.00894649, 0
5150, 0.00894649, 0
5153, 0.00902486, 0
5156, 0.0090954, 0
5159, 0.0093266, 0
5162, 0.00913459, 0
5165, 0.0091385, 0
5168, 0.00908364, 0
5171, 0.00907972, 0
5174, 0.00907972, 0
5177, 0.00907972, 0
5180, 0.00907972, 0
5183, 0.00907972, 0
5186, 0.0090131, 0
5189, 0.0090131, 0
5192, 0.00889946, 0
5195, 0.00921296, 0
5198, 0.00899351, 0
5201, 0.00899351, 0
5204, 0.00898567, 0
5207, 0.00876622, 0
5210, 0.00876622, 0
5213, 0.0087623, 0
5216, 0.00882501, 0
5219, 0.00882501, 0
5222, 0.00892297, 0
5225, 0.00891905, 0
5228, 0.00891905, 0
5231, 0.00894257, 0
5234, 0.00894649, 0
5237, 0.00875447, 0
5240, 0.00875447, 0
5243, 0.00875447, 0
5246, 0.0090758, 0
5249, 0.0090758, 0
5252, 0.00899351, 0
5255, 0.00899351, 0
5258, 0.0191431, 0.0124498
5261, 0.0355587, 0.025946
5264, 0.0460178, 0.0377649
5267, 0.0515981, 0.0446227
5270, 0.0566493, 0.0478517
5273, 0.0607209, 0.0540003
5276, 0.0662777, 0.0560302
5279, 0.0699299, 0.0593533
5282, 0.0757963, 0.0664618
5285, 0.0841706, 0.0754828
5288, 0.0991559, 0.095488
5291, 0.121806, 0.118181
5294, 0.138214, 0.140534
5297, 0.148861, 0.148795
5300, 0.16447, 0.160833
5303, 0.174882, 0.16434
5306, 0.184698, 0.167985
5309, 0.190251, 0.161476
5312, 0.19578, 0.150198
5315, 0.193386, 0.123323
5318, 0.190286, 0.0903936
5321, 0.183334, 0.0852013
5324, 0.17949, 0.0778811
5327, 0.182135, 0.0769366
5330, 0.190251, 0.0795113
5333, 0.193809, 0.0863573
5336, 0.195212, 0.0830224
5339, 0.197038, 0.079813
5342, 0.201431, 0.0779046
5345, 0.202842, 0.0772031
5348, 0.206749, 0.0727357
5351, 0.215178, 0.0862397
5354, 0.229058, 0.0962247
5357, 0.244694, 0.10427
5360, 0.252771, 0.109403
5363, 0.260675, 0.0982781
5366, 0.264778, 0.0984466
5369, 0.272776, 0.114749
5372, 0.275033, 0.106029
5375, 0.278101, 0.110234
5378, 0.284101, 0.113169
5381, 0.284661, 0.112366
5384, 0.29362, 0.122849
5387, 0.312049, 0.133547
5390, 0.330146, 0.144069
5393, 0.341616, 0.153971
5396, 0.337235, 0.142909
5399, 0.338093, 0.123107
5402, 0.335613, 0.113032
5405, 0.335205, 0.100821
5408, 0.332399, 0.092255
5411, 0.335562, 0.0876505
5414, 0.336737, 0.0932621
5417, 0.346072, 0.102514
5420, 0.353298, 0.106958
5423, 0.360512, 0.11489
5426, 0.367523, 0.107585
5429, 0.374248, 0.110579
5432, 0.378836, 0.126834
5435, 0.388163, 0.146835
5438, 0.40222, 0.153662
5441, 0.40963, 0.163874
5444, 0.418153, 0.204159
5447, 0.408709, 0.170532
5450, 0.404206, 0.162455
5453, 0.399343, 0.148172
5456, 0.396765, 0.149132
5459, 0.397082, 0.137912
5462, 0.394135, 0.142074
5465, 0.392097, 0.139637
5468, 0.391423, 0.132665
5471, 0.377085, 0.115536
5474, 0.378911, 0.11817
5477, 0.388414, 0.117625
5480, 0.39988, 0.111339
5483, 0.415296, 0.111331
5486, 0.429106, 0.111233
5489, 0.446619, 0.117519
5492, 0.460209, 0.122519
5495, 0.467737, 0.112092
5498, 0.470163, 0.102028
5501, 0.463567, 0.0874232
5504, 0.465017, 0.0738918
5507, 0.461988, 0.0544235
5510, 0.459265, 0.0532008
5513, 0.455652, 0.0635933
5516, 0.4489, 0.0677981
5519, 0.446396, 0.112476
5522, 0.435525, 0.0881325
5525, 0.436575, 0.0852248
5528, 0.439973, 0.0647689
5531, 0.445733, 0.0745266
5534, 0.449354, 0.0766075
5537, 0.456161, 0.0739075
5540, 0.458524, 0.0592749
5543, 0.463756, 0.0483729
5546, 0.459856, 0.04755
5549, 0.466432, 0.0495642
5552, 0.473909, 0.0564926
5555, 0.483569, 0.0622061
5558, 0.492037, 0.06308
5561, 0.499189, 0.0695616
5564, 0.507943, 0.0807065
5567, 0.515577, 0.0846448
5570, 0.504894, 0.0948962
5573, 0.516094, 0.100747
5576, 0.522717, 0.1055
5579, 0.524386, 0.102898
5582, 0.522564, 0.107671
5585, 0.523207, 0.101346
5588, 0.525068, 0.0877367
5591, 0.527553, 0.0908599
5594, 0.528619, 0.0921649
5597, 0.521957, 0.0716934
5600, 0.521835, 0.0671359
5603, 0.51814, 0.0642203
5606, 0.520264, 0.0527541
5609, 0.525495, 0.0554423
5612, 0.530225, 0.052033
5615, 0.528505, 0.0531734
5618, 0.529939, 0.0510259
5621, 0.526154, 0.0523661
5624, 0.530323, 0.0501677
5627, 0.529273, 0.0455044
5630, 0.529896, 0.0331486
5633, 0.529492, 0.0275762
5636, 0.531515, 0.0303154
5639, 0.531957, 0.0282189
5642, 0.532827, 0.0299549
5645, 0.53008, 0.0300371
5648, 0.533043, 0.0330115
5651, 0.536193, 0.037232
5654, 0.537248, 0.0346652
5657, 0.537941, 0.0360681
5660, 0.54012, 0.0315811
5663, 0.541801, 0.0303742
5666, 0.544858, 0.0266239
5669, 0.546222, 0.0299823
5672, 0.537236, 0.0265573
5675, 0.539932, 0.0193272
5678, 0.542044, 0.0216667
5681, 0.5428, 0.0198994
5684, 0.545414, 0.0292691
5687, 0.548518, 0.0289556
5690, 0.553013, 0.0305074
5693, 0.550477, 0.0253033
5696, 0.542726, 0.0250251
5699, 0.546884, 0.013457
5702, 0.553228, 0.0158631
5705, 0.556614, 0.0143034
5708, 0.559349, 0.0155848
5711, 0.564122, 0.0111998
5714, 0.569154, 0.00528246
5717, 0.56982, 0.000881717
5720, 0.561301, 0.000881717
5723, 0.562755, 0.000881717
5726, 0.564291, 0.00210436
5729, 0.567316, 0.00388347
5732, 0.567148, 0.00319769
5735, 0.567442, 0.00318594
